# relative_time, cycles_done, cur_item, corpus_count, pending_total, pending_favs, map_size, saved_crashes, saved_hangs, max_depth, execs_per_sec, total_execs, edges_found
60, 9060, 0, 1, 0, 0, 0.06%, 1, 0, 1, 68704.85, 4163175, 8
65, 9807, 0, 1, 0, 0, 0.06%, 1, 0, 1, 67962.71, 4506421, 8
70, 10564, 0, 1, 0, 0, 0.06%, 1, 0, 1, 68142.52, 4854263, 8
76, 11314, 0, 1, 0, 0, 0.06%, 1, 0, 1, 68179.81, 5198888, 8
81, 12064, 0, 1, 0, 0, 0.06%, 1, 0, 1, 68396.48, 5543513, 8
86, 12804, 0, 1, 0, 0, 0.06%, 1, 0, 1, 66368.29, 5883543, 8
91, 13539, 0, 1, 0, 0, 0.06%, 1, 0, 1, 66758.02, 6221275, 8
96, 14284, 0, 1, 0, 0, 0.06%, 1, 0, 1, 67168.05, 6563603, 8
101, 15021, 0, 1, 0, 0, 0.06%, 1, 0, 1, 67324.34, 6902254, 8
106, 15774, 0, 1, 0, 0, 0.06%, 1, 0, 1, 68265.96, 7248258, 8
111, 16523, 0, 1, 0, 0, 0.06%, 1, 0, 1, 68246.33, 7592423, 8
116, 17020, 0, 1, 0, 0, 0.06%, 1, 0, 1, 44632.21, 7820795, 8
121, 17314, 0, 1, 0, 0, 0.06%, 1, 0, 1, 33413.12, 7955888, 8
126, 17852, 0, 1, 0, 0, 0.06%, 1, 0, 1, 48181.38, 8203099, 8
131, 18598, 0, 1, 0, 0, 0.06%, 1, 0, 1, 64097.17, 8545886, 8
136, 19356, 0, 1, 0, 0, 0.06%, 1, 0, 1, 67814.19, 8894187, 8
142, 20111, 0, 1, 0, 0, 0.06%, 1, 0, 1, 68674.20, 9241109, 8
147, 20865, 0, 1, 0, 0, 0.06%, 1, 0, 1, 68373.09, 9587572, 8
152, 21611, 0, 1, 0, 0, 0.06%, 1, 0, 1, 67529.98, 9930359, 8
157, 22352, 0, 1, 0, 0, 0.06%, 1, 0, 1, 67014.83, 10270849, 8
162, 23100, 0, 1, 0, 0, 0.06%, 1, 0, 1, 67276.66, 10614555, 8
167, 23848, 0, 1, 0, 0, 0.06%, 1, 0, 1, 67265.14, 10958261, 8
172, 24598, 0, 1, 0, 0, 0.06%, 1, 0, 1, 68082.49, 11302886, 8
175, 25002, 1, 1, 0, 0, 0.06%, 1, 0, 1, 68076.06, 11488463, 8
235, 33060, 0, 1, 0, 0, 0.06%, 1, 0, 2, 63607.75, 3714384, 8
240, 33740, 0, 1, 0, 0, 0.06%, 1, 0, 2, 60256.01, 4027864, 8
245, 34440, 0, 1, 0, 0, 0.06%, 1, 0, 2, 63436.06, 4350564, 8
250, 35134, 0, 1, 0, 0, 0.06%, 1, 0, 2, 63443.05, 4670498, 8
255, 35848, 0, 1, 0, 0, 0.06%, 1, 0, 2, 64541.39, 4999194, 8
261, 36400, 0, 1, 0, 0, 0.06%, 1, 0, 2, 41306.19, 5254124, 8
266, 37111, 0, 1, 0, 0, 0.06%, 1, 0, 2, 59624.08, 5581897, 8
271, 37807, 0, 1, 0, 0, 0.06%, 1, 0, 2, 62558.18, 5902753, 8
276, 38510, 0, 1, 0, 0, 0.06%, 1, 0, 2, 63638.86, 6226834, 8
281, 39201, 0, 1, 0, 0, 0.06%, 1, 0, 2, 62770.79, 6545387, 8
286, 39890, 0, 1, 0, 0, 0.06%, 1, 0, 2, 62874.75, 6863014, 8
291, 40563, 0, 1, 0, 0, 0.06%, 1, 0, 2, 61777.41, 7173269, 8
296, 41260, 0, 1, 0, 0, 0.06%, 1, 0, 2, 63034.01, 7494584, 8
301, 41942, 0, 1, 0, 0, 0.06%, 1, 0, 2, 62278.69, 7808986, 8
306, 42641, 0, 1, 0, 0, 0.06%, 1, 0, 2, 63495.41, 8131227, 8
311, 43319, 0, 1, 0, 0, 0.06%, 1, 0, 2, 61854.08, 8443785, 8
316, 44003, 0, 1, 0, 0, 0.06%, 1, 0, 2, 62571.21, 8759109, 8
321, 44703, 0, 1, 0, 0, 0.06%, 1, 0, 2, 63881.79, 9081809, 8
327, 45381, 0, 1, 0, 0, 0.06%, 1, 0, 2, 62007.39, 9394367, 8
332, 46082, 0, 1, 0, 0, 0.06%, 1, 0, 2, 63784.51, 9717526, 8
337, 46781, 0, 1, 0, 0, 0.06%, 1, 0, 2, 63813.08, 10039767, 8
342, 47477, 0, 1, 0, 0, 0.06%, 1, 0, 2, 63211.27, 10360623, 8
347, 48163, 0, 1, 0, 0, 0.06%, 1, 0, 2, 63210.76, 10676869, 8
352, 48856, 0, 1, 0, 0, 0.06%, 1, 0, 2, 62618.92, 10996340, 8
357, 49554, 0, 1, 0, 0, 0.06%, 1, 0, 2, 63436.35, 11318118, 8
362, 50244, 0, 1, 0, 0, 0.06%, 1, 0, 2, 62831.87, 11636208, 8
367, 50944, 0, 1, 0, 0, 0.06%, 1, 0, 2, 63569.13, 11958908, 8
372, 51644, 0, 1, 0, 0, 0.06%, 1, 0, 2, 63856.59, 12281608, 8
377, 52351, 0, 1, 0, 0, 0.06%, 1, 0, 2, 64386.83, 12607079, 8
382, 53050, 0, 1, 0, 0, 0.06%, 1, 0, 2, 63743.00, 12929774, 8
387, 53744, 0, 1, 0, 0, 0.06%, 1, 0, 2, 63680.42, 13249708, 8
392, 54430, 0, 1, 0, 0, 0.06%, 1, 0, 2, 62436.20, 13565954, 8
397, 55111, 0, 1, 0, 0, 0.06%, 1, 0, 2, 62387.12, 13879897, 8
402, 55806, 0, 1, 0, 0, 0.06%, 1, 0, 2, 63346.74, 14200290, 8
408, 56515, 0, 1, 0, 0, 0.06%, 1, 0, 2, 64313.79, 14527141, 8
413, 57222, 0, 1, 0, 0, 0.06%, 1, 0, 2, 64270.87, 14853066, 8
418, 57917, 0, 1, 0, 0, 0.06%, 1, 0, 2, 63233.60, 15173463, 8
423, 58618, 0, 1, 0, 0, 0.06%, 1, 0, 2, 63637.68, 15496622, 8
428, 59315, 0, 1, 0, 0, 0.06%, 1, 0, 2, 63409.47, 15817941, 8
433, 60015, 0, 1, 0, 0, 0.06%, 1, 0, 2, 63971.92, 16140641, 8
438, 60728, 0, 1, 0, 0, 0.06%, 1, 0, 2, 64523.57, 16469332, 8
443, 61411, 0, 1, 0, 0, 0.06%, 1, 0, 2, 61214.71, 16784197, 8
448, 62110, 0, 1, 0, 0, 0.06%, 1, 0, 2, 63240.10, 17106434, 8
453, 62823, 0, 1, 0, 0, 0.06%, 1, 0, 2, 64095.37, 17435129, 8
458, 63532, 0, 1, 0, 0, 0.06%, 1, 0, 2, 64360.78, 17761976, 8
463, 64248, 0, 1, 0, 0, 0.06%, 1, 0, 2, 64812.14, 18092052, 8
468, 64958, 0, 1, 0, 0, 0.06%, 1, 0, 2, 64600.77, 18419362, 8
474, 65666, 0, 1, 0, 0, 0.06%, 1, 0, 2, 64563.88, 18745750, 8
479, 66374, 0, 1, 0, 0, 0.06%, 1, 0, 2, 64354.77, 19072138, 8
484, 67088, 0, 1, 0, 0, 0.06%, 1, 0, 2, 64708.08, 19401292, 8
489, 67810, 0, 1, 0, 0, 0.06%, 1, 0, 2, 64961.88, 19734134, 8
494, 68492, 0, 1, 0, 0, 0.06%, 1, 0, 2, 63173.12, 20048536, 8
499, 69189, 0, 1, 0, 0, 0.06%, 1, 0, 2, 63376.99, 20369855, 8
504, 69878, 0, 1, 0, 0, 0.06%, 1, 0, 2, 62438.96, 20687482, 8
509, 70574, 0, 1, 0, 0, 0.06%, 1, 0, 2, 63115.39, 21008338, 8
514, 71265, 0, 1, 0, 0, 0.06%, 1, 0, 2, 62734.77, 21326891, 8
519, 71965, 0, 1, 0, 0, 0.06%, 1, 0, 2, 63627.83, 21649591, 8
524, 72648, 0, 1, 0, 0, 0.06%, 1, 0, 2, 61969.19, 21964452, 8
529, 73333, 0, 1, 0, 0, 0.06%, 1, 0, 2, 61867.15, 22280239, 8
534, 74021, 0, 1, 0, 0, 0.06%, 1, 0, 2, 62519.99, 22597407, 8
540, 74583, 0, 1, 0, 0, 0.06%, 1, 0, 2, 62026.37, 22856489, 8
545, 75269, 0, 1, 0, 0, 0.06%, 1, 0, 2, 62472.75, 23172735, 8
550, 75966, 0, 1, 0, 0, 0.06%, 1, 0, 2, 63319.05, 23494050, 8
555, 76665, 0, 1, 0, 0, 0.06%, 1, 0, 2, 63662.24, 23816291, 8
560, 77366, 0, 1, 0, 0, 0.06%, 1, 0, 2, 63964.99, 24139450, 8
565, 78063, 0, 1, 0, 0, 0.06%, 1, 0, 2, 63921.70, 24460769, 8
570, 78764, 0, 1, 0, 0, 0.06%, 1, 0, 2, 64134.28, 24783928, 8
571, 78985, 1, 1, 0, 0, 0.06%, 1, 0, 2, 64026.05, 24885588, 8
632, 86616, 0, 1, 0, 0, 0.06%, 1, 0, 2, 62348.29, 3547609, 8
637, 87300, 0, 1, 0, 0, 0.06%, 1, 0, 2, 62649.66, 3865669, 8
642, 87849, 0, 1, 0, 0, 0.06%, 1, 0, 2, 43736.89, 4121406, 8
647, 88520, 0, 1, 0, 0, 0.06%, 1, 0, 2, 58247.86, 4433427, 8
652, 89189, 0, 1, 0, 0, 0.06%, 1, 0, 2, 61013.58, 4744506, 8
657, 89861, 0, 1, 0, 0, 0.06%, 1, 0, 2, 61902.43, 5056986, 8
662, 90412, 0, 1, 0, 0, 0.06%, 1, 0, 2, 34417.41, 5313207, 8
667, 91085, 0, 1, 0, 0, 0.06%, 1, 0, 2, 56851.84, 5625688, 8
672, 91747, 0, 1, 0, 0, 0.06%, 1, 0, 2, 60622.10, 5933976, 8
677, 92422, 0, 1, 0, 0, 0.06%, 1, 0, 2, 61613.71, 6247857, 8
682, 93095, 0, 1, 0, 0, 0.06%, 1, 0, 2, 61697.94, 6560796, 8
687, 93619, 0, 1, 0, 0, 0.06%, 1, 0, 2, 9166.01, 6804456, 8
692, 94196, 0, 1, 0, 0, 0.06%, 1, 0, 2, 61505.00, 7072665, 8
697, 94783, 0, 1, 0, 0, 0.06%, 1, 0, 2, 57805.13, 7345716, 8
702, 95458, 0, 1, 0, 0, 0.06%, 1, 0, 2, 61477.64, 7659597, 8
708, 96093, 0, 1, 0, 0, 0.06%, 1, 0, 2, 56379.02, 7954866, 8
713, 96667, 0, 1, 0, 0, 0.06%, 1, 0, 2, 56775.35, 8221776, 8
718, 97309, 0, 1, 0, 0, 0.06%, 1, 0, 2, 56099.33, 8520306, 8
723, 97891, 0, 1, 0, 0, 0.06%, 1, 0, 2, 48674.08, 8790936, 8
728, 98562, 0, 1, 0, 0, 0.06%, 1, 0, 2, 59213.93, 9102957, 8
733, 99184, 0, 1, 0, 0, 0.06%, 1, 0, 2, 54541.28, 9392187, 8
738, 99663, 0, 1, 0, 0, 0.06%, 1, 0, 2, 44066.82, 9614916, 8
743, 100338, 0, 1, 0, 0, 0.06%, 1, 0, 2, 58575.22, 9928797, 8
748, 101005, 0, 1, 0, 0, 0.06%, 1, 0, 2, 60642.79, 10238946, 8
753, 101676, 0, 1, 0, 0, 0.06%, 1, 0, 2, 61489.39, 10550967, 8
759, 102226, 0, 1, 0, 0, 0.06%, 1, 0, 2, 50876.94, 10806717, 8
764, 102896, 0, 1, 0, 0, 0.06%, 1, 0, 2, 59551.59, 11117809, 8
769, 103574, 0, 1, 0, 0, 0.06%, 1, 0, 2, 62055.79, 11433537, 8
769, 103575, 1, 1, 0, 0, 0.06%, 1, 0, 2, 7000.00, 11433544, 8
769, 103575, 0, 1, 1, 1, 0.05%, 0, 0, 2, 0.01, 4, 9
775, 104255, 1, 61, 60, 0, 4.57%, 0, 0, 3, 9210.41, 319499, 779
836, 104263, 49, 90, 18, 0, 4.57%, 0, 0, 5, 2449.22, 143288, 779
841, 104264, 15, 90, 14, 0, 4.57%, 0, 0, 5, 2480.09, 155932, 779
846, 104264, 79, 90, 13, 0, 4.57%, 0, 0, 5, 2388.25, 168399, 779
851, 104265, 76, 90, 11, 0, 4.57%, 0, 0, 5, 2587.86, 181852, 779
857, 104266, 51, 90, 9, 0, 4.57%, 0, 0, 5, 2619.23, 195420, 779
862, 104267, 24, 90, 8, 0, 4.57%, 0, 0, 5, 2600.55, 209151, 779
867, 104268, 19, 90, 6, 0, 4.57%, 0, 0, 5, 2646.60, 222383, 779
872, 104268, 76, 90, 3, 0, 4.57%, 0, 0, 5, 2597.55, 235832, 779
877, 104269, 60, 90, 3, 0, 4.57%, 0, 0, 5, 2696.45, 249296, 779
882, 104270, 49, 90, 3, 0, 4.57%, 0, 0, 5, 2589.06, 262260, 779
887, 104271, 49, 90, 1, 0, 4.57%, 0, 0, 5, 2612.48, 275803, 779
892, 104272, 27, 90, 1, 0, 4.57%, 0, 0, 5, 2565.50, 289018, 779
898, 104273, 21, 90, 1, 0, 4.57%, 0, 0, 5, 2522.68, 302043, 779
903, 104274, 18, 90, 1, 0, 4.57%, 0, 0, 5, 2498.19, 314795, 779
908, 104274, 88, 90, 0, 0, 4.57%, 0, 0, 5, 2557.56, 327691, 779
913, 104275, 76, 90, 0, 0, 4.57%, 0, 0, 5, 2605.54, 340595, 779
918, 104276, 49, 90, 0, 0, 4.57%, 0, 0, 5, 2497.31, 353032, 779
923, 104277, 21, 90, 0, 0, 4.57%, 0, 0, 5, 2520.24, 366285, 779
928, 104278, 21, 90, 0, 0, 4.57%, 0, 0, 5, 2543.10, 379440, 779
933, 104279, 21, 90, 0, 0, 4.57%, 0, 0, 5, 2558.01, 392758, 779
938, 104280, 19, 90, 0, 0, 4.57%, 0, 0, 5, 2578.11, 405773, 779
943, 104280, 88, 90, 0, 0, 4.57%, 0, 0, 5, 2522.98, 418449, 779
948, 104281, 74, 90, 0, 0, 4.57%, 0, 0, 5, 2588.50, 431247, 779
953, 104282, 49, 90, 0, 0, 4.57%, 0, 0, 5, 2537.44, 444256, 779
959, 104283, 21, 90, 0, 0, 4.57%, 0, 0, 5, 2234.65, 455922, 779
964, 104283, 76, 90, 0, 0, 4.57%, 0, 0, 5, 2421.78, 467266, 779
969, 104284, 36, 90, 0, 0, 4.57%, 0, 0, 5, 2398.08, 479398, 779
974, 104285, 21, 90, 0, 0, 4.57%, 0, 0, 5, 2504.05, 492743, 779
979, 104285, 76, 90, 0, 0, 4.57%, 0, 0, 5, 2620.22, 505918, 779
984, 104286, 37, 90, 0, 0, 4.57%, 0, 0, 5, 2531.64, 518676, 779
989, 104287, 2, 90, 0, 0, 4.57%, 0, 0, 5, 2486.49, 531374, 779
994, 104287, 88, 90, 0, 0, 4.57%, 0, 0, 5, 2577.97, 544452, 779
999, 104288, 88, 90, 0, 0, 4.57%, 0, 0, 5, 2586.78, 557802, 779
1004, 104289, 76, 90, 0, 0, 4.57%, 0, 0, 5, 2624.10, 570849, 779
1009, 104290, 49, 90, 0, 0, 4.57%, 0, 0, 5, 2551.25, 583518, 779
1014, 104291, 49, 90, 0, 0, 4.57%, 0, 0, 5, 2547.30, 596388, 779
1019, 104292, 49, 90, 0, 0, 4.57%, 0, 0, 5, 2509.43, 609098, 779
1024, 104293, 36, 90, 0, 0, 4.57%, 0, 0, 5, 2479.75, 621721, 779
1029, 104294, 17, 90, 0, 0, 4.57%, 0, 0, 5, 2508.19, 634222, 779
1034, 104294, 81, 90, 0, 0, 4.57%, 0, 0, 5, 2529.32, 647459, 779
1039, 104295, 49, 90, 0, 0, 4.57%, 0, 0, 5, 2501.36, 660066, 779
1045, 104296, 21, 90, 0, 0, 4.57%, 0, 0, 5, 2552.95, 673515, 779
1050, 104297, 21, 90, 0, 0, 4.57%, 0, 0, 5, 2589.80, 686616, 779
1055, 104298, 15, 90, 0, 0, 4.57%, 0, 0, 5, 2554.26, 699763, 779
1060, 104299, 6, 90, 0, 0, 4.57%, 0, 0, 5, 2642.44, 713048, 779
1065, 104299, 83, 90, 0, 0, 4.57%, 0, 0, 5, 2566.37, 726216, 779
1070, 104300, 76, 90, 0, 0, 4.57%, 0, 0, 5, 2652.72, 739677, 779
1075, 104301, 61, 90, 0, 0, 4.57%, 0, 0, 5, 2638.59, 752914, 779
1080, 104302, 49, 90, 0, 0, 4.57%, 0, 0, 5, 2571.50, 765718, 779
1085, 104303, 29, 90, 0, 0, 4.57%, 0, 0, 5, 2539.85, 778680, 779
1090, 104303, 88, 90, 0, 0, 4.57%, 0, 0, 5, 2374.43, 789844, 779
1095, 104304, 76, 90, 0, 0, 4.57%, 0, 0, 5, 2481.38, 802588, 779
1100, 104305, 76, 90, 0, 0, 4.57%, 0, 0, 5, 2607.82, 815745, 779
1105, 104306, 55, 90, 0, 0, 4.57%, 0, 0, 5, 2557.19, 828610, 779
1110, 104307, 25, 90, 0, 0, 4.57%, 0, 0, 5, 2561.01, 841694, 779
1115, 104308, 5, 90, 0, 0, 4.57%, 0, 0, 5, 2570.29, 854742, 779
1121, 104308, 88, 90, 0, 0, 4.57%, 0, 0, 5, 2604.99, 867913, 779
1126, 104309, 76, 90, 0, 0, 4.57%, 0, 0, 5, 2625.34, 881325, 779
1131, 104310, 49, 90, 0, 0, 4.57%, 0, 0, 5, 2340.32, 892105, 779
1136, 104311, 21, 90, 0, 0, 4.57%, 0, 0, 5, 2547.33, 905305, 779
1141, 104312, 21, 90, 0, 0, 4.57%, 0, 0, 5, 2465.16, 917507, 779
1146, 104313, 4, 90, 0, 0, 4.57%, 0, 0, 5, 2399.80, 928695, 779
1151, 104313, 76, 90, 0, 0, 4.57%, 0, 0, 5, 2550.80, 941914, 779
1156, 104314, 60, 90, 0, 0, 4.57%, 0, 0, 5, 2577.56, 954826, 779
1161, 104315, 49, 90, 0, 0, 4.57%, 0, 0, 5, 2397.81, 965780, 779
1166, 104316, 49, 90, 0, 0, 4.57%, 0, 0, 5, 2529.49, 979307, 779
1171, 104317, 49, 90, 0, 0, 4.57%, 0, 0, 5, 2545.80, 992307, 779
1176, 104318, 21, 90, 0, 0, 4.57%, 0, 0, 5, 2544.54, 1005265, 779
1182, 104318, 76, 90, 0, 0, 4.57%, 0, 0, 5, 2148.49, 1016795, 779
1187, 104319, 76, 90, 0, 0, 4.57%, 0, 0, 5, 2550.08, 1030225, 779
1192, 104320, 60, 90, 0, 0, 4.57%, 0, 0, 5, 2699.37, 1043775, 779
1197, 104321, 60, 90, 0, 0, 4.57%, 0, 0, 5, 2644.08, 1057270, 779
1202, 104322, 49, 90, 0, 0, 4.57%, 0, 0, 5, 2508.94, 1069625, 779
1207, 104323, 49, 90, 0, 0, 4.57%, 0, 0, 5, 2612.35, 1082992, 779
1212, 104324, 21, 90, 0, 0, 4.57%, 0, 0, 5, 2525.44, 1095692, 779
1217, 104324, 88, 90, 0, 0, 4.57%, 0, 0, 5, 2550.81, 1108662, 779
1222, 104325, 74, 90, 0, 0, 4.57%, 0, 0, 5, 2563.47, 1121226, 779
1227, 104326, 49, 90, 0, 0, 4.57%, 0, 0, 5, 2455.30, 1133658, 779
1232, 104327, 21, 90, 0, 0, 4.57%, 0, 0, 5, 2421.74, 1145925, 779
1238, 104328, 19, 90, 0, 0, 4.57%, 0, 0, 5, 2544.29, 1159467, 779
1243, 104328, 76, 90, 0, 0, 4.57%, 0, 0, 5, 2167.93, 1170891, 779
1248, 104329, 60, 90, 0, 0, 4.57%, 0, 0, 5, 2572.81, 1184587, 779
1253, 104330, 47, 90, 0, 0, 4.57%, 0, 0, 5, 2577.73, 1197717, 779
1258, 104331, 19, 90, 0, 0, 4.57%, 0, 0, 5, 2352.17, 1210106, 779
1263, 104331, 76, 90, 0, 0, 4.57%, 0, 0, 5, 2295.51, 1221783, 779
1268, 104332, 31, 90, 0, 0, 4.57%, 0, 0, 5, 2418.26, 1233441, 779
1273, 104333, 6, 90, 0, 0, 4.57%, 0, 0, 5, 2316.34, 1244868, 779
1278, 104334, 7, 90, 0, 0, 4.57%, 0, 0, 5, 2528.04, 1257959, 779
1283, 104334, 88, 90, 0, 0, 4.57%, 0, 0, 5, 2640.38, 1271340, 779
1288, 104335, 75, 90, 0, 0, 4.57%, 0, 0, 5, 2640.29, 1284508, 779
1293, 104336, 51, 90, 0, 0, 4.57%, 0, 0, 5, 2603.71, 1297451, 779
1298, 104337, 76, 90, 0, 0, 4.57%, 0, 0, 5, 2715.34, 1311047, 779
1303, 104338, 41, 90, 0, 0, 4.57%, 0, 0, 5, 2574.96, 1323833, 779
1308, 104339, 21, 90, 0, 0, 4.57%, 0, 0, 5, 2566.34, 1336912, 779
1314, 104339, 88, 90, 0, 0, 4.57%, 0, 0, 5, 2390.45, 1348152, 779
1319, 104340, 76, 90, 0, 0, 4.57%, 0, 0, 5, 2284.58, 1359355, 779
1324, 104341, 49, 90, 0, 0, 4.57%, 0, 0, 5, 2505.13, 1372659, 779
1329, 104342, 21, 90, 0, 0, 4.57%, 0, 0, 5, 2243.35, 1384023, 779
1334, 104342, 88, 90, 0, 0, 4.57%, 0, 0, 5, 2200.68, 1395135, 779
1339, 104343, 88, 90, 0, 0, 4.57%, 0, 0, 5, 2540.38, 1408674, 779
1344, 104344, 76, 90, 0, 0, 4.57%, 0, 0, 5, 2571.04, 1421473, 779
1349, 104345, 44, 90, 0, 0, 4.57%, 0, 0, 5, 2535.72, 1434322, 779
1354, 104346, 39, 90, 0, 0, 4.57%, 0, 0, 5, 2639.17, 1447869, 779
1359, 104347, 21, 90, 0, 0, 4.57%, 0, 0, 5, 2653.92, 1461310, 779
1365, 104347, 88, 90, 0, 0, 4.57%, 0, 0, 5, 2598.90, 1474430, 779
1370, 104348, 60, 90, 0, 0, 4.57%, 0, 0, 5, 2599.31, 1487273, 779
1375, 104349, 59, 90, 0, 0, 4.57%, 0, 0, 5, 2590.17, 1500159, 779
1380, 104351, 19, 92, 2, 0, 4.57%, 0, 0, 5, 3414.12, 1518738, 779
1385, 104352, 30, 92, 2, 0, 4.57%, 0, 0, 5, 3388.89, 1536490, 779
1390, 104353, 14, 93, 2, 0, 4.57%, 0, 0, 6, 3380.89, 1553073, 779
1395, 104353, 91, 93, 2, 0, 4.57%, 0, 0, 6, 3535.00, 1571660, 779
1400, 104355, 28, 93, 1, 0, 4.57%, 0, 0, 6, 3406.53, 1588777, 779
1405, 104356, 21, 93, 0, 0, 4.57%, 0, 0, 6, 3450.97, 1606692, 779
1410, 104357, 36, 93, 0, 0, 4.57%, 0, 0, 6, 3393.14, 1623925, 779
1416, 104358, 49, 93, 0, 0, 4.57%, 0, 0, 6, 3365.83, 1641511, 779
1421, 104359, 60, 93, 0, 0, 4.57%, 0, 0, 6, 3441.06, 1658646, 779
1426, 104360, 49, 93, 0, 0, 4.57%, 0, 0, 6, 3382.01, 1675401, 779
1431, 104361, 49, 93, 0, 0, 4.57%, 0, 0, 6, 3286.41, 1692204, 779
1436, 104362, 24, 93, 0, 0, 4.57%, 0, 0, 6, 2962.67, 1705834, 779
1441, 104363, 49, 93, 0, 0, 4.57%, 0, 0, 6, 3077.79, 1722198, 779
1446, 104364, 34, 93, 0, 0, 4.57%, 0, 0, 6, 3206.30, 1739087, 779
1451, 104365, 23, 93, 0, 0, 4.57%, 0, 0, 6, 3209.68, 1755927, 779
1456, 104366, 49, 93, 0, 0, 4.57%, 0, 0, 6, 3259.35, 1772696, 779
1462, 104367, 64, 93, 0, 0, 4.57%, 0, 0, 6, 3389.48, 1790254, 779
1467, 104368, 76, 93, 0, 0, 4.57%, 0, 0, 6, 3433.64, 1807518, 779
1472, 104370, 11, 93, 0, 0, 4.57%, 0, 0, 6, 3416.89, 1824912, 779
1477, 104371, 21, 93, 0, 0, 4.57%, 0, 0, 6, 3396.94, 1841869, 779
1482, 104372, 60, 93, 0, 0, 4.57%, 0, 0, 6, 3497.13, 1859922, 779
1487, 104373, 80, 93, 0, 0, 4.57%, 0, 0, 6, 3400.51, 1876891, 779
1492, 104374, 88, 93, 0, 0, 4.57%, 0, 0, 6, 3365.05, 1894185, 779
1497, 104376, 2, 93, 0, 0, 4.57%, 0, 0, 6, 3412.21, 1912115, 779
1502, 104376, 88, 93, 0, 0, 4.57%, 0, 0, 6, 3357.92, 1928797, 779
1508, 104378, 19, 93, 0, 0, 4.57%, 0, 0, 6, 3407.92, 1946690, 779
1513, 104379, 19, 93, 0, 0, 4.57%, 0, 0, 6, 3309.69, 1963145, 779
1518, 104380, 43, 93, 0, 0, 4.57%, 0, 0, 6, 3332.67, 1980614, 779
1523, 104381, 21, 93, 0, 0, 4.57%, 0, 0, 6, 3114.03, 1997144, 779
1528, 104382, 15, 93, 0, 0, 4.57%, 0, 0, 6, 2976.59, 2011140, 779
1533, 104383, 19, 93, 0, 0, 4.57%, 0, 0, 6, 3307.01, 2028787, 779
1538, 104384, 11, 93, 0, 0, 4.57%, 0, 0, 6, 3390.15, 2045932, 779
1543, 104385, 19, 93, 0, 0, 4.57%, 0, 0, 6, 3365.68, 2062641, 779
1548, 104385, 88, 93, 0, 0, 4.57%, 0, 0, 6, 3381.92, 2079396, 779
1553, 104386, 91, 93, 0, 0, 4.57%, 0, 0, 6, 3472.63, 2096814, 779
1558, 104387, 88, 93, 0, 0, 4.57%, 0, 0, 6, 3556.63, 2115198, 779
1563, 104389, 8, 93, 0, 0, 4.57%, 0, 0, 6, 3364.65, 2131968, 779
1568, 104390, 21, 93, 0, 0, 4.57%, 0, 0, 6, 3428.28, 2149257, 779
1574, 104391, 60, 93, 0, 0, 4.57%, 0, 0, 6, 3511.58, 2167145, 779
1579, 104392, 76, 93, 0, 0, 4.57%, 0, 0, 6, 3440.02, 2184313, 779
1584, 104393, 76, 93, 0, 0, 4.57%, 0, 0, 6, 2830.14, 2199154, 779
1589, 104394, 88, 93, 0, 0, 4.57%, 0, 0, 6, 3290.34, 2216619, 779
1594, 104395, 76, 93, 0, 0, 4.57%, 0, 0, 6, 3330.77, 2233179, 779
1599, 104396, 54, 93, 0, 0, 4.57%, 0, 0, 6, 3396.32, 2250909, 779
1604, 104397, 55, 93, 0, 0, 4.57%, 0, 0, 6, 3368.35, 2268155, 779
1609, 104398, 21, 93, 0, 0, 4.57%, 0, 0, 6, 2752.42, 2280208, 779
1614, 104399, 21, 93, 0, 0, 4.57%, 0, 0, 6, 3332.93, 2297983, 779
1620, 104400, 49, 93, 0, 0, 4.57%, 0, 0, 6, 3407.24, 2315752, 779
1625, 104401, 76, 93, 0, 0, 4.57%, 0, 0, 6, 3410.72, 2333453, 779
1630, 104402, 76, 93, 0, 0, 4.57%, 0, 0, 6, 3471.32, 2351070, 779
1635, 104403, 76, 93, 0, 0, 4.57%, 0, 0, 6, 3126.57, 2367019, 779
1640, 104404, 76, 93, 0, 0, 4.57%, 0, 0, 6, 3207.34, 2382237, 779
1645, 104405, 88, 93, 0, 0, 4.57%, 0, 0, 6, 3335.62, 2399158, 779
1650, 104407, 18, 93, 0, 0, 4.57%, 0, 0, 6, 3412.95, 2417012, 779
1655, 104408, 19, 93, 0, 0, 4.57%, 0, 0, 6, 3072.96, 2433093, 779
1660, 104409, 21, 93, 0, 0, 4.57%, 0, 0, 6, 3173.13, 2448408, 779
1666, 104410, 18, 93, 0, 0, 4.57%, 0, 0, 6, 2928.75, 2464623, 779
1671, 104411, 3, 93, 0, 0, 4.57%, 0, 0, 6, 3232.21, 2481385, 779
1676, 104411, 81, 93, 0, 0, 4.57%, 0, 0, 6, 2732.22, 2495529, 779
1681, 104413, 16, 93, 0, 0, 4.57%, 0, 0, 6, 3303.75, 2512794, 779
1686, 104414, 19, 93, 0, 0, 4.57%, 0, 0, 6, 3320.20, 2530250, 779
1691, 104415, 19, 93, 0, 0, 4.57%, 0, 0, 6, 3340.18, 2547726, 779
1697, 104415, 88, 93, 0, 0, 4.57%, 0, 0, 6, 3020.04, 2563969, 779
1702, 104417, 19, 93, 0, 0, 4.57%, 0, 0, 6, 3211.00, 2579688, 779
1707, 104418, 21, 93, 0, 0, 4.57%, 0, 0, 6, 3362.76, 2596694, 779
1712, 104419, 47, 93, 0, 0, 4.57%, 0, 0, 6, 3356.53, 2613828, 779
1717, 104420, 49, 93, 0, 0, 4.57%, 0, 0, 6, 3394.48, 2631580, 779
1722, 104421, 21, 93, 0, 0, 4.57%, 0, 0, 6, 3078.99, 2645754, 779
1727, 104422, 21, 93, 0, 0, 4.57%, 0, 0, 6, 3267.68, 2662374, 779
1732, 104422, 88, 93, 0, 0, 4.57%, 0, 0, 6, 2836.24, 2676206, 779
1737, 104424, 19, 93, 0, 0, 4.57%, 0, 0, 6, 3269.43, 2693865, 779
1742, 104425, 49, 93, 0, 0, 4.57%, 0, 0, 6, 3309.43, 2710946, 779
1747, 104426, 49, 93, 0, 0, 4.57%, 0, 0, 6, 3139.84, 2725447, 779
1752, 104427, 21, 93, 0, 0, 4.57%, 0, 0, 6, 3310.35, 2742324, 779
1757, 104428, 21, 93, 0, 0, 4.57%, 0, 0, 6, 3347.63, 2759663, 779
1762, 104429, 60, 93, 0, 0, 4.57%, 0, 0, 6, 3487.21, 2777153, 779
1768, 104430, 88, 93, 0, 0, 4.57%, 0, 0, 6, 3445.18, 2794824, 779
1773, 104432, 19, 93, 0, 0, 4.57%, 0, 0, 6, 3417.91, 2811900, 779
1778, 104433, 19, 93, 0, 0, 4.57%, 0, 0, 6, 3181.00, 2826785, 779
1783, 104433, 88, 93, 0, 0, 4.57%, 0, 0, 6, 2760.49, 2840640, 779
1788, 104435, 21, 93, 0, 0, 4.57%, 0, 0, 6, 3344.69, 2858553, 779
1793, 104436, 21, 93, 0, 0, 4.57%, 0, 0, 6, 3392.59, 2875886, 779
1798, 104437, 49, 93, 0, 0, 4.57%, 0, 0, 6, 3433.09, 2893566, 779
1803, 104438, 88, 93, 0, 0, 4.57%, 0, 0, 6, 3385.41, 2911108, 779
1809, 104439, 76, 93, 0, 0, 4.57%, 0, 0, 6, 3402.32, 2928675, 779
1814, 104440, 76, 93, 0, 0, 4.57%, 0, 0, 6, 3376.44, 2945978, 779
1819, 104442, 17, 93, 0, 0, 4.57%, 0, 0, 6, 3366.42, 2963721, 779
1824, 104443, 1, 93, 0, 0, 4.57%, 0, 0, 6, 3338.41, 2980447, 779
1829, 104443, 49, 93, 0, 0, 4.57%, 0, 0, 6, 2567.26, 2992114, 779
1832, 104444, 22, 93, 0, 0, 4.57%, 0, 0, 6, 3122.48, 3001909, 779
1893, 104445, 200, 202, 152, 2, 5.93%, 49, 0, 7, 2342.21, 152214, 1017
1898, 104446, 74, 202, 133, 0, 5.93%, 53, 0, 7, 2404.25, 164528, 1017
1903, 104446, 122, 202, 121, 0, 5.93%, 55, 0, 7, 2304.93, 176503, 1017
1908, 104446, 133, 202, 118, 0, 5.93%, 55, 0, 7, 2072.22, 186770, 1017
1913, 104447, 8, 203, 116, 0, 5.93%, 56, 0, 7, 2371.47, 197529, 1017
1975, 104452, 74, 230, 125, 0, 5.89%, 0, 0, 4, 2360.92, 150432, 1016
1980, 104452, 165, 230, 117, 0, 5.89%, 0, 0, 4, 2500.92, 163477, 1016
1985, 104452, 214, 231, 107, 0, 5.89%, 0, 0, 4, 2655.70, 177576, 1016
1990, 104452, 231, 232, 106, 1, 5.90%, 0, 0, 4, 2491.70, 190351, 1017
1995, 104453, 16, 232, 103, 0, 5.90%, 0, 0, 4, 2366.67, 202193, 1017
2000, 104453, 39, 232, 102, 0, 5.90%, 0, 0, 4, 2339.17, 214582, 1017
2005, 104453, 79, 232, 99, 0, 5.90%, 0, 0, 4, 2352.25, 226414, 1017
2010, 104453, 159, 232, 87, 0, 5.90%, 0, 0, 4, 2442.34, 239131, 1017
2016, 104454, 3, 234, 82, 0, 5.90%, 0, 0, 4, 2577.37, 252521, 1017
2021, 104454, 27, 234, 82, 0, 5.90%, 0, 0, 4, 2476.26, 264824, 1017
2026, 104454, 58, 234, 79, 0, 5.90%, 0, 0, 4, 2390.28, 277148, 1017
2031, 104454, 136, 235, 72, 0, 5.90%, 0, 0, 4, 2335.41, 289232, 1017
2036, 104454, 208, 235, 66, 0, 5.90%, 0, 0, 4, 2494.20, 302567, 1017
2041, 104454, 226, 235, 64, 0, 5.90%, 0, 0, 4, 2410.48, 314972, 1017
2046, 104455, 6, 237, 64, 0, 5.95%, 0, 0, 4, 2319.91, 326249, 1025
2051, 104455, 32, 237, 61, 0, 5.95%, 0, 0, 4, 2373.29, 338502, 1025
2056, 104455, 63, 238, 60, 0, 5.95%, 0, 0, 4, 2318.86, 350037, 1025
2062, 104455, 159, 238, 54, 0, 5.95%, 0, 0, 4, 2437.66, 362575, 1025
2067, 104455, 218, 238, 53, 0, 5.95%, 0, 0, 4, 2616.42, 376175, 1025
2072, 104456, 6, 239, 53, 0, 5.98%, 0, 0, 4, 2464.42, 388725, 1031
2077, 104456, 31, 239, 52, 0, 5.98%, 0, 0, 4, 2436.17, 400643, 1031
2082, 104456, 63, 239, 51, 0, 5.98%, 0, 0, 4, 2301.99, 412111, 1031
2087, 104456, 159, 239, 44, 0, 5.98%, 0, 0, 4, 2378.68, 423919, 1031
2092, 104456, 214, 239, 41, 0, 5.98%, 0, 0, 4, 2476.90, 436858, 1031
2097, 104456, 231, 239, 41, 0, 5.98%, 0, 0, 4, 2404.11, 449313, 1031
2102, 104457, 5, 239, 40, 0, 5.98%, 0, 0, 4, 2430.04, 461731, 1031
2107, 104458, 2, 240, 40, 0, 5.99%, 0, 0, 4, 2368.41, 473749, 1033
2112, 104458, 21, 240, 40, 0, 5.99%, 0, 0, 4, 2403.89, 485846, 1033
2117, 104458, 55, 240, 37, 0, 5.99%, 0, 0, 4, 2338.95, 497958, 1033
2123, 104458, 131, 240, 34, 0, 5.99%, 0, 0, 4, 2415.48, 510529, 1033
2128, 104458, 200, 240, 30, 0, 5.99%, 0, 0, 4, 2587.87, 523612, 1033
2133, 104458, 224, 240, 29, 0, 5.99%, 0, 0, 4, 2578.73, 536779, 1033
2138, 104458, 238, 241, 30, 0, 5.99%, 0, 0, 4, 2360.78, 548313, 1033
2143, 104459, 16, 241, 30, 0, 5.99%, 0, 0, 4, 2299.71, 559830, 1033
2148, 104459, 36, 241, 30, 0, 5.99%, 0, 0, 4, 2363.06, 572208, 1033
2153, 104459, 78, 241, 28, 0, 5.99%, 0, 0, 4, 2264.11, 583629, 1033
2158, 104459, 170, 241, 25, 0, 5.99%, 0, 0, 4, 2531.23, 596582, 1033
2163, 104459, 220, 241, 24, 0, 5.99%, 0, 0, 4, 2717.26, 609942, 1033
2168, 104459, 235, 241, 24, 0, 5.99%, 0, 0, 4, 2538.81, 622080, 1033
2173, 104460, 6, 241, 23, 0, 5.99%, 0, 0, 4, 2418.11, 633970, 1033
2178, 104460, 65, 242, 24, 1, 5.99%, 0, 0, 4, 2428.18, 646503, 1033
2184, 104461, 7, 243, 23, 0, 6.00%, 0, 0, 4, 2275.79, 657893, 1034
2189, 104461, 39, 243, 23, 0, 6.00%, 0, 0, 4, 2360.98, 670346, 1034
2194, 104461, 79, 243, 23, 0, 6.00%, 0, 0, 4, 2346.76, 682293, 1034
2199, 104461, 159, 243, 22, 0, 6.00%, 0, 0, 4, 2373.16, 694244, 1034
2204, 104461, 214, 243, 21, 0, 6.00%, 0, 0, 4, 2496.97, 707551, 1034
2209, 104461, 227, 243, 20, 0, 6.00%, 0, 0, 4, 2417.71, 720453, 1034
2214, 104461, 239, 243, 20, 0, 6.00%, 0, 0, 4, 2318.29, 732241, 1034
2219, 104462, 17, 243, 20, 0, 6.00%, 0, 0, 4, 2336.38, 744367, 1034
2224, 104462, 43, 243, 20, 0, 6.00%, 0, 0, 4, 2274.03, 755868, 1034
2229, 104462, 86, 243, 19, 0, 6.00%, 0, 0, 4, 2342.53, 767650, 1034
2235, 104462, 198, 243, 15, 0, 6.00%, 0, 0, 4, 2404.47, 780243, 1034
2240, 104462, 223, 243, 14, 0, 6.00%, 0, 0, 4, 2573.36, 793916, 1034
2245, 104462, 235, 243, 12, 0, 6.00%, 0, 0, 4, 2453.51, 806230, 1034
2250, 104463, 5, 243, 12, 0, 6.00%, 0, 0, 4, 2326.56, 817867, 1034
2255, 104463, 14, 243, 12, 0, 6.00%, 0, 0, 4, 1208.70, 822336, 1034
2260, 104463, 21, 243, 12, 0, 6.00%, 0, 0, 4, 958.04, 826838, 1034
2265, 104463, 34, 243, 12, 0, 6.00%, 0, 0, 4, 1116.93, 831561, 1034
2270, 104463, 43, 243, 12, 0, 6.00%, 0, 0, 4, 793.13, 835329, 1034
2276, 104463, 58, 243, 12, 0, 6.00%, 0, 0, 4, 814.62, 839555, 1034
2281, 104463, 76, 243, 12, 0, 6.00%, 0, 0, 4, 809.85, 843849, 1034
2286, 104463, 159, 243, 11, 0, 6.00%, 0, 0, 4, 1780.86, 852811, 1034
2291, 104463, 213, 243, 10, 0, 6.00%, 0, 0, 4, 2194.90, 864536, 1034
2296, 104463, 227, 243, 10, 0, 6.00%, 0, 0, 4, 2007.95, 874956, 1034
2301, 104463, 239, 243, 10, 0, 6.00%, 0, 0, 4, 2342.45, 887098, 1034
2306, 104464, 17, 244, 10, 0, 6.01%, 0, 0, 4, 2320.96, 898993, 1036
2311, 104464, 39, 244, 10, 0, 6.01%, 0, 0, 4, 2341.95, 911211, 1036
2316, 104464, 86, 244, 9, 0, 6.01%, 0, 0, 4, 2360.89, 923054, 1036
2321, 104464, 189, 244, 8, 0, 6.01%, 0, 0, 4, 2267.31, 934500, 1036
2326, 104464, 221, 244, 8, 0, 6.01%, 0, 0, 4, 2700.28, 948154, 1036
2332, 104464, 233, 244, 7, 0, 6.01%, 0, 0, 4, 2397.53, 959927, 1036
2337, 104465, 1, 246, 7, 0, 6.05%, 0, 0, 6, 2483.01, 972555, 1042
2342, 104465, 21, 246, 7, 0, 6.05%, 0, 0, 6, 2354.27, 984286, 1042
2347, 104465, 53, 246, 7, 0, 6.05%, 0, 0, 6, 2288.17, 995885, 1042
2352, 104465, 131, 246, 7, 0, 6.05%, 0, 0, 6, 2394.20, 1007879, 1042
2357, 104465, 218, 246, 6, 0, 6.05%, 0, 0, 6, 2544.99, 1020674, 1042
2362, 104465, 233, 246, 6, 0, 6.05%, 0, 0, 6, 2526.98, 1033274, 1042
2367, 104465, 244, 246, 6, 0, 6.05%, 0, 0, 6, 2413.12, 1045048, 1042
2372, 104466, 14, 246, 6, 0, 6.05%, 0, 0, 6, 2333.68, 1057204, 1042
2377, 104466, 36, 246, 6, 0, 6.05%, 0, 0, 6, 2338.28, 1068809, 1042
2382, 104466, 75, 246, 5, 0, 6.05%, 0, 0, 6, 2266.40, 1080510, 1042
2387, 104466, 148, 246, 4, 0, 6.05%, 0, 0, 6, 2221.74, 1092038, 1042
2392, 104466, 214, 246, 4, 0, 6.05%, 0, 0, 6, 2475.60, 1105509, 1042
2398, 104466, 230, 246, 3, 0, 6.05%, 0, 0, 6, 2350.85, 1117738, 1042
2403, 104466, 239, 246, 2, 0, 6.05%, 0, 0, 6, 2402.09, 1129899, 1042
2408, 104467, 3, 246, 2, 0, 6.05%, 0, 0, 6, 2393.33, 1142060, 1042
